35.785500353633516,-78.92705626462437
35.786299305085514,-78.92749825370623
35.78752057028078,-78.92568608958865
35.78885669565919,-78.92511148975362
35.79073695786902,-78.92586288767575
35.79165000857208,-78.9243600926795
35.79315433181629,-78.92559769042444
35.79373521705483,-78.92913359424053
35.796749944250024,-78.93076890352852
35.797584129270255,-78.92705626243459
35.797081045778405,-78.92617228229349
35.79689634569927,-78.92418329285701
35.79482832948504,-78.92276887278476
35.79407258946702,-78.92188485400253
35.79203525027863,-78.92170804756822
35.79103402916951,-78.92135443582869
35.788321890790385,-78.92161964478464
35.78911144775074,-78.92422749407218
35.78735229831465,-78.92387389167885
35.786012188238466,-78.92259206669911
35.784707939619,-78.92215005742989
35.783609048803235,-78.9221058573774
35.78335733015495,-78.92347608635147
35.78149636005052,-78.92338768517637
35.782061380636776,-78.92131023110683
35.78372318446163,-78.91109913954095
35.78432279637308,-78.90849093684764
35.78629238610975,-78.90703208465692
35.78702163340425,-78.90853514648
35.788334086095716,-78.9090656315707
35.79057476766204,-78.9087119757566
35.79221575775393,-78.90915404351867
35.79207794123389,-78.90676683604333
35.79044713011203,-78.90552899962293
35.789622692420075,-78.90707629335084
35.78881763547725,-78.9074741648942
35.78783772414026,-78.9050869070684
35.78829047685779,-78.90407009801271
35.78695647280322,-78.90376063545189
35.78494465926513,-78.90340695771312
35.78618699223843,-78.90137329081975
35.789714471800124,-78.90172697469998
35.78997338447371,-78.90269959679208
35.79064508370454,-78.90358379390187
35.79135136952935,-78.90212486836336
35.79288853887439,-78.90190381367499
35.79351468619525,-78.90048907531654
35.791708471214754,-78.90053328692265
35.79020611672297,-78.90022380813859
35.79134982914785,-78.89894167265946
35.79303068960367,-78.89845534609124
35.79466846673569,-78.89841113414684
35.795541794098376,-78.90146170893117
35.79963449328524,-78.9011080241268
35.79879127491386,-78.89973748343452
35.79788347856254,-78.89903009601304
35.79709184673771,-78.89911852506914
35.79642015829489,-78.89823428769014
35.798307271907476,-78.897703737842
35.7971034524643,-78.89562574012146
35.79635617324924,-78.89664264018458
35.79552841929889,-78.89589101608037
35.79413821649712,-78.89633314757064
35.79281795809722,-78.89752688891598
35.79156539650249,-78.89854377162489
35.79072843399719,-78.89814586197116
35.78844669194455,-78.89805743972151
35.78868885194717,-78.89704055025965
35.78743645001569,-78.893989836653
35.78760764535413,-78.89266340825571
35.78751293232821,-78.89164647040099
35.78720401814045,-78.88833028678043
35.79202039407252,-78.88625208854891
35.79427959444336,-78.88700378300621
35.79536823938975,-78.88784390077267
35.79638538352838,-78.88656161008127
35.79844456192775,-78.88833028694779
35.800343892884,-78.88793233618263
35.80234116873755,-78.88903774769533
35.80135522536565,-78.89155804067971
35.79971991023037,-78.89253076713507
35.7996851372831,-78.8930613365833
35.80027173152446,-78.89438775910682
35.79928108372282,-78.89505096791227
35.79843595283876,-78.89456461827845
35.79810421438218,-78.89416669594668
35.79804656659331,-78.89354769740999
35.79662348657993,-78.89363612705678
35.792509238579754,-78.8901431487469
35.79234725431861,-78.89111588697398
35.79040239587676,-78.89102745899524
35.78957728235845,-78.89301712580534
35.79129241466018,-78.89425511991855
35.79264693496312,-78.89478568672537
35.79283458510112,-78.89363612480139
35.793953879640746,-78.89390140935531
35.7938312645872,-78.8921328327465
35.79441149668492,-78.89248655383456
35.79561588626481,-78.89230969032448
35.79658734414265,-78.89279605199718
35.79722475571029,-78.8919559763235
35.79846707635359,-78.89173489606833
35.80302022539347,-78.89045265763988
35.80407292555499,-78.88819763556032
35.80516378054079,-78.88996628535261
35.807418113906095,-78.89292869622336
35.80950119777143,-78.89314977001983
35.81083986358848,-78.89306134129387
35.808511443582475,-78.88930304782633
35.80997872524519,-78.89014314833881
35.81240167781872,-78.89085059392201
35.81352895051981,-78.89120431951935
35.81601392568979,-78.89032000813161
35.81683329500778,-78.89098324295165
35.817986115315456,-78.89116010176203
35.818361658906234,-78.89067373164539
35.819121551124425,-78.89160225316186
35.82020430357539,-78.89102745741695
35.82158809988406,-78.89142539361752
35.82304044304894,-78.891204320635
35.82365915283947,-78.89739425562207
35.82312075466907,-78.89929536715114
35.82411289190554,-78.90181539593094
35.823237732042195,-78.90371642361438
35.82213563657159,-78.90544057935222
35.82152618290064,-78.90703208293026
35.8239168248815,-78.90694366853269
35.82321496966848,-78.90844673172121
35.82221533151195,-78.90946349207589
35.8208027735008,-78.90875618176507
35.81970316552057,-78.90734154167437
35.81817883492611,-78.90769520076418
35.817543658753756,-78.90946349343224
35.81873252113134,-78.91048025249815
35.81936891944526,-78.91008239129307
35.81992644757981,-78.91109913883541
35.82186146887048,-78.91154119576723
35.822377863974246,-78.91211587417736
35.82202296240208,-78.91463557081777
35.82204663467979,-78.91534283886102
35.82371265273613,-78.91560806687748
35.822496402250245,-78.91746462401254
35.82299533350276,-78.91830448133746
35.821604465054534,-78.91918853710513
35.82194837140457,-78.91971896232087
35.82168769420524,-78.92144283698526
35.821721597851756,-78.9231666822024
35.82308892119815,-78.92519989327137
35.82039529814203,-78.92157544025409
35.81918603804155,-78.92215006051171
35.818108117902675,-78.92051460149054
35.818912927250835,-78.92011678576748
35.819970255430775,-78.91971896685212
35.82130664147346,-78.91688997839564
35.82022045356864,-78.91516602441955
35.819296321168345,-78.91246952181191
35.81768561664592,-78.9118948486634
35.81661597288858,-78.91216007957185
35.815286533639444,-78.91189484903076
35.81573189446938,-78.91034762822467
35.81407296766877,-78.91061287050236
35.813214712685614,-78.91043604410811
35.8113309781112,-78.91145278979832
35.80986498594543,-78.9119832607968
35.80977060464739,-78.9127789561219
35.810125913395986,-78.91388408875883
35.80980772367665,-78.91498920819055
35.81092679144929,-78.91525443113557
35.81180861015444,-78.91432613465963
35.81157136486948,-78.91313260195204
35.8125157965189,-78.91242531299402
35.813031078818426,-78.91162960995202
35.81489159781605,-78.91534284298805
35.81462970507406,-78.9138840910393
35.8162845305536,-78.91357465493466
35.81678039344809,-78.91392829199658
35.81841590411901,-78.9165805542478
35.81759878241501,-78.91684577321956
35.81757723837054,-78.91706679036204
35.81666049058555,-78.91671316496385
35.8170907029866,-78.9181718747793
35.81603340301437,-78.92038199659326
35.81433639057892,-78.9188791186104
35.812646541818374,-78.91790665526626
35.811954654631336,-78.92042620069952
35.81013438258386,-78.91940954899943
35.80948861767704,-78.92016098860955
35.81045677426949,-78.92197325396836
35.81214767295181,-78.92250366783706
35.81387652089381,-78.92298987962543
35.81470808264059,-78.92197325647153
35.81633114288776,-78.92268046934623
35.81697994428103,-78.92241526781687
35.81826419107718,-78.92400649171323
35.81784226342136,-78.92444849531306
35.81630749372829,-78.92559769042444
35.814447277666865,-78.92550929117978
35.809660793379116,-78.92926618982042
35.80901706638006,-78.92913359443114
35.809208082146654,-78.92847061786324
35.807412529438565,-78.92590708307715
35.80836129686222,-78.92343188125223
35.807488624375765,-78.92219426147575
35.805861258067836,-78.92325507872975
35.805123064028486,-78.92210585502943
35.8054393138812,-78.9200725803613
35.80416102818565,-78.9194537476388
35.80338068967321,-78.9183044820399
35.80545572467684,-78.91843709102352
35.806978346786174,-78.91896752569866
35.807889015466806,-78.9183486857378
35.80821648137721,-78.91688997704539
35.80713024775438,-78.91697838394737
35.80633455441409,-78.91702258833114
35.8042451360568,-78.91582908611831
35.803329320057756,-78.91684577453594
35.80286208148337,-78.91498920687377
35.80476873320354,-78.9151218212777
35.80606446693815,-78.91547545345705
35.80737451273203,-78.91507761556554
35.807968939542924,-78.91467977675883
35.80673787682951,-78.9136630603204
35.80644619742826,-78.91233690307995
35.807376380706636,-78.91238110913734
35.80867289333986,-78.91048025121505
35.80948185984778,-78.91012659998069
35.810325661624766,-78.9092424627687
35.80915313204741,-78.90840252330052
35.807898564004915,-78.9084909402207
35.80665003620604,-78.90773941075929
35.80594749704363,-78.90561741392497
35.806293151396694,-78.9034511671681
35.80792054260695,-78.90420272940185
35.80773188242228,-78.90579425318845
35.810899229699075,-78.90681104182784
35.81129257400087,-78.9078720315868
35.81269101284665,-78.90933087592627
35.8136208770921,-78.90756257895133
35.815134183614276,-78.9084467326834
35.816110195429964,-78.90672262474517
35.81771462476998,-78.90632474950817
35.81853454605465,-78.90473323685032
35.81997784799292,-78.90486586333002
35.820278453553236,-78.90402589262483
35.81735480836836,-78.90336274897831
35.816701615067856,-78.90177118464568
35.81676296390481,-78.90062170544192
35.81774651122986,-78.90124066049731
35.81923004166272,-78.90225749850457
35.81932431142401,-78.9014617097306
35.81947712650897,-78.90084275963177
35.82045241321471,-78.90137329030165
35.82202511663977,-78.90199223741347
35.8226170903619,-78.90066591599094
35.8215668092525,-78.89978169535613
35.82213313895714,-78.89863219537777
35.82176716879014,-78.89651000002807
35.82083764608729,-78.89827849996453
35.81913362056802,-78.89805743955861
35.817570450455996,-78.89889746501589
35.81830377778071,-78.8963773636534
35.817083253118,-78.89637736448624
35.81655712703399,-78.89434354770441
35.814902438314945,-78.89465304334422
35.81513577043987,-78.89580259215779
35.814422991758285,-78.89854376773731
35.813447110302505,-78.9002680176736
35.81297775176071,-78.89929536608865
35.811794181378744,-78.89969327068991
35.813123105096764,-78.90221328968838
35.81493613274408,-78.90269960013241
35.81524026660184,-78.9041585154428
35.81403422822116,-78.90521953424673
35.81328262557812,-78.90437956389503
35.81181135617423,-78.90349537358713
35.81004984674661,-78.90446798444938
35.80972608614859,-78.90234591904621
35.808869671631456,-78.90128487031254
35.80875949160011,-78.89964906280888
35.80702640201988,-78.89911851935852
35.806796289374304,-78.89845534675689
35.805712342731255,-78.89947221450065
35.8069014275191,-78.90048907153859
35.805620276959175,-78.90119644932824
35.80518158478788,-78.89964905839318
35.80420013131678,-78.89995854225116
35.80264823593932,-78.89730582964378
35.80139360623986,-78.8973942545186
35.80128826712984,-78.89942800630314
35.80124840219115,-78.90035643737971
35.802099494134694,-78.90000275046977
35.80259674239481,-78.9017269752625
35.803667794828456,-78.90283222555053
35.80365354370634,-78.90358379389968
35.80406339077501,-78.9048216531533
35.80430580934055,-78.9056174172912
35.80297835407171,-78.90628054332723
35.80259923926606,-78.90446798316809
35.80142150963125,-78.90402589202269
35.80138063494007,-78.90539637469037
35.80160877220324,-78.90694367005678
35.79959102951729,-78.90561741749816
35.79918044805616,-78.90663420814779
35.799962878086944,-78.90689946196822
35.80107503455417,-78.9084467328063
35.8026531654164,-78.90866776663655
35.80360707771968,-78.90941928562536
35.804081288205715,-78.9081814823073
35.80533493999018,-78.90853514386117
35.80611437462871,-78.91012659797782
35.805439876002794,-78.91056866451588
35.802320684983926,-78.91052445401982
35.80379717154336,-78.91101072645341
35.8040755459542,-78.91264634126978
35.8031165520599,-78.91229269494978
35.80180234074193,-78.91264634475202
35.7997117904382,-78.91189484778747
35.79726894408764,-78.91052445441959
35.796479261060696,-78.9097287351764
35.79713310131682,-78.90725312515984
35.79791025250885,-78.90610371100678
35.79785364620312,-78.90504270001506
35.796398578841526,-78.90433535449598
35.79519534839399,-78.90588266877776
35.79445830092416,-78.9079162414817
35.79327153660491,-78.91145278845397
35.79193871210165,-78.91251372747972
35.79082257774867,-78.91635953127854
35.79097145454765,-78.91932114342234
35.7918166156314,-78.9179950618328
35.79304066361709,-78.91848129263788
35.7946056112725,-78.91901172474445
35.7950317614779,-78.9186138991419
35.79423902647672,-78.91733201301683
35.79280550656156,-78.91640373762675
35.79200862573461,-78.91507761252993
35.79285579298089,-78.91467977302572
35.794253359633046,-78.9147681854502
35.79609351051277,-78.91644794103475
35.797382177940854,-78.91627112453159
35.79952104789151,-78.91799506142678
35.80012275124601,-78.91993997661831
35.79779597566649,-78.9211776307748
35.7999039516101,-78.92347608462492
35.80210544114618,-78.92179644923071
35.80282619440873,-78.92321087980109
35.80422256725263,-78.92374128511125
35.8042327928552,-78.92475789456759
35.80188249408001,-78.92528829178363
35.800582596763014,-78.92489049524879
35.799057764489426,-78.92524409008969
35.799950993596,-78.9267026750208
35.80119238451367,-78.92692366944078
35.80280336913823,-78.92749825297388
35.80372435092727,-78.92789604184287
35.802124471663326,-78.92970816226862
35.80201740954312,-78.9321832079225
35.804659429363774,-78.93116668202076
35.804399885550936,-78.92882420806473
35.80541628522817,-78.929796563404
35.80693585668728,-78.92984075955509
35.80748720258669,-78.92988495689937
35.80718200074656,-78.93249258361236
35.81035662157105,-78.93222740446627
35.811753177944865,-78.92913359424053
35.813585796826146,-78.92847062260243
35.815253053576015,-78.92829382926215
35.8163854091859,-78.92824963035523
35.81774364868298,-78.92701206465121
35.81859156265707,-78.92798443789334
35.82009035456565,-78.92780764527255
35.82127189108521,-78.9282938297762
35.82258683380584,-78.92931038463587
35.82330336743376,-78.92886840514096
35.82022673504896,-78.93063631437775
35.81858630587578,-78.93019434028103
35.81872368055661,-78.93258097650008
35.81711995985838,-78.93434881735014
35.81968639244824,-78.93479077253133
